23 17
0 0        0
     1
1987234610 62
1237461983 120937964 18072364 12087306401872346 1027834610
1 2 3 4 5 6 7 8 9 10 11 12 13 14 1512323 17
99999  8 9 10 11 12 13 14 15 341 358 1
333   4723  3333333333 6642 3333333333
71823 198720000003647 18793290812983 1733  12343 34123 31769
7849323789 22398496 8940    32489 859320
761637899999999   0 8943242
3333         333
10 30 70 123 341 358 1
333   4723  3333333333 6642 3333333333
71823 198720000003647 1879329087122 17804473129872134

56

999999999999999999999999 1
0 0        0
     1
1987234610 62
1237461983 120937964 18072364 12087306401872346 1027834610
1 2 3 4 5 6 77122 17804473129872134

1987234610 62
1237461983 120937964 18072364 12087306401872346 1027834610
1 2 3 4 5 6 7      0
     1
1987234610 62
1237461983 120937964 18072364 12087306401872346 1027834610
1 2 3 4 5 6 7 8 9 10 11 12 13 14 159999       18903740716  301987340911
3948123413241234136611235  5871203974619230874017863
9999999999    

  99999999999999    432432 58903 34
82934 49802390432  8554389   4789432789   0 48372934287
0
00000000473129872134

56

99999999 120937964 3333333333 69999    

  99999999999999    432432 58903 34
82934 49802390432  8554389   4789432789   0 48372934287
0
0000000099
1 2 3 4 5 6 7 8 9 10 11 12 13 14 15
